75 85 64 21 33 
32 43 29 30 68 
24 18 65 32 38 
79 25 73 15 20 
61 68 80 97 14 
43 15 41 64 39 
33 73 32 98 81 
63 59 83 63 23 
47 81 79 78 79 
18 32 86 82 77 

75 32 24 79 61 43 33 63 47 18 
85 43 18 25 68 15 73 59 81 32 
64 29 65 73 80 41 32 83 79 86 
21 30 32 15 97 64 98 63 78 82 
33 68 38 20 14 39 81 23 79 77 
